fortran compiler found at: /usr/bin/gfortran

Fmm installation not in standard location
Manual installation required
n =

    16


ry_ratio =

                       1.5


cy_ratio =

                       0.5


dump_idx =

     4


iter_idx =

     1


rads =

  Columns 1 through 3

         0.670229182872899         0.734498306669338         0.823242535219312

  Columns 4 through 6

         0.942889240551385          1.09787156265099          1.28195581482449

  Columns 7 through 9

          1.46061505522401          1.56006523806217          1.51184112312954

  Columns 10 through 12

          1.33454318753474           1.1152720624984          0.92029612121265

  Columns 13 through 15

         0.770007170938904          0.66100388338487         0.584200489228628

  Column 16

         0.531469025997676


f_zero =

        -0.308307932651375


rad_index =

     1


rad_index =

     2


rad_index =

     3


rad_index =

     4


rad_index =

     5


rad_index =

     6


rad_index =

     7


rad_index =

     8


rad_index =

     9


rad_index =

    10


rad_index =

    11


rad_index =

    12


rad_index =

    13


rad_index =

    14


rad_index =

    15


rad_index =

    16


step =

          14.2121642749609


improvement =

        0.0492272609000816


iter_idx =

     2


rads =

  Columns 1 through 3

         0.648160974865783         0.896341705862983          1.14863863978183

  Columns 4 through 6

           1.1992933884387          1.01550629057128         0.856244206484028

  Columns 7 through 9

         0.962719211464125           1.1241479722179          1.07098181057549

  Columns 10 through 12

         0.913658702003148          1.00119396857535          1.28216548556678

  Columns 13 through 15

          1.37613107201826           1.1762639480237          0.82130585824034

  Column 16

         0.507246765310291

Time to find eigenvalue: 1.76e+02; Time to compute 2-norm: 1.38e+01

f_zero =

        -0.357535193743172


rad_index =

     1


rad_index =

     2


rad_index =

     3


rad_index =

     4


rad_index =

     5


rad_index =

     6


rad_index =

     7

[Warning: Matrix is close to singular or badly scaled. Results may be
inaccurate. RCOND =  1.672635e-16.] 
[> In id (line 120)
In chnk.flam.nproxy_square (line 58)
In chunkerflam (line 176)
In helm_dprime (line 17)
In ud_origin (line 4)
In compute_loss (line 39)
In gd (line 35)
In gd_ellipse (line 22)
] 

rad_index =

     8


rad_index =

     9


rad_index =

    10


rad_index =

    11


rad_index =

    12


rad_index =

    13


rad_index =

    14


rad_index =

    15


rad_index =

    16


step =

          2.27419503868456


improvement =

       0.00242102636531089


iter_idx =

     3


rads =

  Columns 1 through 3

         0.654894840407522         0.902552382937286          1.14731143986604

  Columns 4 through 6

          1.19760956293851          1.03062021215875          0.99390734726457

  Columns 7 through 9

         0.993342482223476          1.12128019156509          1.06512654297136

  Columns 10 through 12

         0.877249904666092         0.923841350397643          1.25881879778531

  Columns 13 through 15

          1.36425392954146          1.15355476339513         0.798259646110111

  Column 16

         0.517376605771649


f_zero =

        -0.359956218472571


rad_index =

     1


rad_index =

     2

[Warning: Matrix is close to singular or badly scaled. Results may be
inaccurate. RCOND =  1.428375e-16.] 
[> In id (line 120)
In chnk.flam.nproxy_square (line 58)
In chunkerflam (line 176)
In helm_dprime (line 17)
In ud_origin (line 4)
In compute_loss (line 39)
In gd (line 34)
In gd_ellipse (line 22)
] 

rad_index =

     3

[Warning: Matrix is close to singular or badly scaled. Results may be
inaccurate. RCOND =  1.846435e-16.] 
[> In id (line 120)
In chnk.flam.nproxy_square (line 58)
In chunkerflam (line 176)
In helm_dprime (line 17)
In ud_origin (line 4)
In compute_loss (line 39)
In gd (line 35)
In gd_ellipse (line 22)
] 

rad_index =

     4


rad_index =

     5


rad_index =

     6


rad_index =

     7


rad_index =

     8


rad_index =

     9


rad_index =

    10


rad_index =

    11


rad_index =

    12


rad_index =

    13


rad_index =

    14


rad_index =

    15


rad_index =

    16

[Warning: Matrix is close to singular or badly scaled. Results may be
inaccurate. RCOND =  1.928967e-16.] 
[> In id (line 120)
In chnk.flam.nproxy_square (line 58)
In chunkerflam (line 176)
In helm_dprime (line 17)
In ud_origin (line 4)
In compute_loss (line 39)
In gd (line 39)
In gd_ellipse (line 22)
] 

step =

          3.33620773421385


improvement =

     -0.000277886477595357


step =

          1.66810386710692


improvement =

       0.00214650285217177


iter_idx =

     4


rads =

  Columns 1 through 3

         0.654107339294694         0.892763387226987          1.13984570316489

  Columns 4 through 6

          1.18893675425451          1.00077329821908         0.965469503227988

  Columns 7 through 9

         0.971394999348651          1.11382497328489           1.0638268427455

  Columns 10 through 12

         0.943651326453546         0.964686244097375          1.25133175530571

  Columns 13 through 15

          1.36056807010045          1.14982314496086         0.805706247576666

  Column 16

         0.533290410738192


f_zero =

        -0.362102721261919


rad_index =

     1


rad_index =

     2


rad_index =

     3

[Warning: Matrix is close to singular or badly scaled. Results may be
inaccurate. RCOND =  1.882268e-16.] 
[> In id (line 120)
In chnk.flam.nproxy_square (line 58)
In chunkerflam (line 176)
In helm_dprime (line 17)
In ud_origin (line 4)
In compute_loss (line 39)
In gd (line 35)
In gd_ellipse (line 22)
] 

rad_index =

     4


rad_index =

     5


rad_index =

     6

[Warning: Matrix is close to singular or badly scaled. Results may be
inaccurate. RCOND =  1.727154e-16.] 
[> In id (line 120)
In chnk.flam.nproxy_square (line 58)
In chunkerflam (line 176)
In helm_dprime (line 17)
In ud_origin (line 4)
In compute_loss (line 39)
In gd (line 35)
In gd_ellipse (line 22)
] 

rad_index =

     7

[Warning: Matrix is close to singular or badly scaled. Results may be
inaccurate. RCOND =  1.894025e-16.] 
[> In id (line 120)
In chnk.flam.nproxy_square (line 58)
In chunkerflam (line 176)
In helm_dprime (line 17)
In ud_origin (line 4)
In compute_loss (line 39)
In gd (line 34)
In gd_ellipse (line 22)
] 

rad_index =

     8


rad_index =

     9


rad_index =

    10


rad_index =

    11


rad_index =

    12


rad_index =

    13


rad_index =

    14


rad_index =

    15


rad_index =

    16


step =

          5.44851938378024


improvement =

      0.000310679949561465


iter_idx =

     5


rads =

  Columns 1 through 3

          0.66798007221091         0.898615594238772          1.13444066040849

  Columns 4 through 6

          1.18266354800515          1.00708607453742          1.00820097369871

  Columns 7 through 9

         0.999236900585419          1.10405154502447          1.05311439206192

  Columns 10 through 12

         0.958990839169009         0.910238646005502          1.22563857249424

  Columns 13 through 15

          1.34801466110065           1.1266960949553          0.80416048282058

  Column 16

         0.570870942683451


f_zero =

        -0.362413401144271


rad_index =

     1


rad_index =

     2


rad_index =

     3


rad_index =

     4


rad_index =

     5


rad_index =

     6


rad_index =

     7


rad_index =

     8


rad_index =

     9


rad_index =

    10


rad_index =

    11

[Warning: Matrix is close to singular or badly scaled. Results may be
inaccurate. RCOND =  2.138385e-16.] 
[> In id (line 120)
In chnk.flam.nproxy_square (line 58)
In chunkerflam (line 176)
In helm_dprime (line 17)
In ud_origin (line 4)
In compute_loss (line 39)
In gd (line 35)
In gd_ellipse (line 22)
] 

