fortran compiler found at: /usr/bin/gfortran

Fmm installation not in standard location
Manual installation required
iter_idx =

     1

[Warning: Matrix is close to singular or badly scaled. Results may be
inaccurate. RCOND =  1.437012e-16.] 
[> In id (line 120)
In chnk.flam.nproxy_square (line 58)
In chunkerflam (line 176)
In helm_dprime (line 17)
In ud_norm (line 7)
In compute_loss (line 39)
In gd (line 26)
In gd32 (line 13)
] 
[Warning: Matrix is close to singular or badly scaled. Results may be
inaccurate. RCOND =  1.703925e-16.] 
[> In id (line 120)
In chnk.flam.nproxy_square (line 58)
In chunkerflam (line 176)
In helm_dprime (line 17)
In ud_norm (line 7)
In compute_loss (line 39)
In gd (line 25)
In gd32 (line 13)
] 

rads =

  Columns 1 through 7

    1.0738    1.0060    0.9498    0.9069    0.8775    0.8612    0.8585

  Columns 8 through 14

    0.8619    0.8840    0.9229    0.9698    1.0304    1.1014    1.1757

  Columns 15 through 21

    1.2407    1.2796    1.2796    1.2407    1.1757    1.1014    1.0304

  Columns 22 through 28

    0.9698    0.9229    0.8840    0.8619    0.8585    0.8612    0.8775

  Columns 29 through 32

    0.9069    0.9498    1.0060    1.0738


iter_idx =

     2


rads =

  Columns 1 through 7

    1.0738    1.0060    0.9498    0.9070    0.8776    0.8614    0.8591

  Columns 8 through 14

    0.8607    0.8836    0.9233    0.9699    1.0305    1.1014    1.1757

  Columns 15 through 21

    1.2407    1.2796    1.2796    1.2407    1.1757    1.1014    1.0305

  Columns 22 through 28

    0.9699    0.9233    0.8836    0.8607    0.8591    0.8614    0.8776

  Columns 29 through 32

    0.9070    0.9498    1.0060    1.0738


iter_idx =

     3

[Warning: Matrix is close to singular or badly scaled. Results may be
inaccurate. RCOND =  2.216450e-16.] 
[> In id (line 120)
In chnk.flam.nproxy_square (line 58)
In chunkerflam (line 176)
In helm_dprime (line 17)
In ud_norm (line 7)
In compute_loss (line 39)
In gd (line 25)
In gd32 (line 13)
] 

rads =

  Columns 1 through 7

    1.0738    1.0060    0.9498    0.9070    0.8776    0.8615    0.8594

  Columns 8 through 14

    0.8599    0.8834    0.9235    0.9700    1.0305    1.1014    1.1757

  Columns 15 through 21

    1.2407    1.2797    1.2797    1.2407    1.1757    1.1014    1.0305

  Columns 22 through 28

    0.9700    0.9235    0.8834    0.8599    0.8594    0.8615    0.8776

  Columns 29 through 32

    0.9070    0.9498    1.0060    1.0738


iter_idx =

     4

Time to find eigenvalue: 5.62e+02; {Error using horzcat
Dimensions of arrays being concatenated are not consistent.

Error in ud_norm (line 31)
        rr = [roots(pd) -1 1];

Error in compute_loss (line 49)
        start = tic; [ud_p] = ud_norm(chnkr, zk, sigma, p);

Error in gd (line 25)
            f_plus = compute_loss(compute_polygon_vertices(angles, rads+h_vector),loss_params,chebabs);

Error in gd32 (line 13)
result = gd(dump_dir, n,bottom,a,b,h,min_step_size,max_iter);
} 
