grads =

   -0.0016    0.0016
   -0.0016    0.0016
   -0.0016    0.0016