
cparams = 

  <a href="matlab:helpPopup struct" style="font-weight:bold">struct</a> with fields:

             maxiter: 100
              report: 1
                 eps: 1.000000000000000e-06
              hspace: 0.010000000000000
     line_search_eps: 1.000000000000000e-06
    line_search_beta: 0.500000000000000

Polygon symmetric with 4 vertices
Computing 2 derivatives: 
Compuing dx1...
Finding eigenvalue ...
Time: 0.673588Time: 0.327475Time: 0.363793Time: 0.290274Time: 0.291238Time: 0.269682Time: 0.256976Time: 0.259833Time: 0.276137Time: 0.282748Time: 0.278320Time: 0.280482Time: 0.293613Time: 0.304565Time: 0.314543Time: 0.313132Time: 0.326635Time: 0.327298Time: 0.321309Time: 0.318761Time: 0.258412Time: 0.260716Time: 0.248246Time: 0.254367Time: 0.262877Time: 0.273381Time: 0.274981Time: 0.282676Time: 0.289704Time: 0.293007Time: 0.304770Time: 0.304981Time: 0.314268Time: 0.315289Time: 0.316035Time: 0.319449Time: 0.245577Time: 0.247048Time: 0.250389Time: 0.247707Time: 0.250318Time: 0.249179Time: 0.278505Time: 0.275439Time: 0.270927Time: 0.287174Time: 0.291304Time: 0.316168Time: 0.281447Time: 0.280823Time: 0.323289Time: 0.317014Time: 0.313350Time: 0.297133Time: 0.307779Time: 0.308744Time: 0.304656Time: 0.322438Time: 0.351942Time: 0.338938Time: 0.326355Time: 0.326433Time: 0.334725Time: 0.328873Time: 0.330388Time: 0.328219Time: 0.343196Time: 0.338697Time: 0.312021Time: 0.315331Time: 0.269483Time: 0.330757Time: 0.344485Time to find eigenvalue: 2.27e+01
Finding ymax_final ...
max grad location: 0.000570
Computing 2-norm ...
           2        7552

{Error using <a href="matlab:matlab.internal.language.introspective.errorDocCallback('int_u_2', 'C:\Users\charl\Documents\MATLAB\hot-spots\shape_optimization_dev\int_u_2.m', 9)" style="font-weight:bold">int_u_2</a> (<a href="matlab: opentoline('C:\Users\charl\Documents\MATLAB\hot-spots\shape_optimization_dev\int_u_2.m',9,0)">line 9</a>)
debug

Error in <a href="matlab:matlab.internal.language.introspective.errorDocCallback('polysymeven_loss', 'C:\Users\charl\Documents\MATLAB\hot-spots\shape_optimization_dev\polysymeven_loss.m', 31)" style="font-weight:bold">polysymeven_loss</a> (<a href="matlab: opentoline('C:\Users\charl\Documents\MATLAB\hot-spots\shape_optimization_dev\polysymeven_loss.m',31,0)">line 31</a>)
    start = tic; u_2 = int_u_2(chnkr, zk, sigma, center);

Error in <a href="matlab:matlab.internal.language.introspective.errorDocCallback('optim.gd_grad', 'C:\Users\charl\Documents\MATLAB\hot-spots\src\+optim\gd_grad.m', 20)" style="font-weight:bold">optim.gd_grad</a> (<a href="matlab: opentoline('C:\Users\charl\Documents\MATLAB\hot-spots\src\+optim\gd_grad.m',20,0)">line 20</a>)
        left = fun(xval - direction);

Error in <a href="matlab:matlab.internal.language.introspective.errorDocCallback('optim.gd', 'C:\Users\charl\Documents\MATLAB\hot-spots\src\+optim\gd.m', 50)" style="font-weight:bold">optim.gd</a> (<a href="matlab: opentoline('C:\Users\charl\Documents\MATLAB\hot-spots\src\+optim\gd.m',50,0)">line 50</a>)
        grad = optim.gd_grad(fun, opt, hspace);

Error in <a href="matlab:matlab.internal.language.introspective.errorDocCallback('test_gd', 'C:\Users\charl\Documents\MATLAB\hot-spots\shape_optimization_dev\test_gd.m', 24)" style="font-weight:bold">test_gd</a> (<a href="matlab: opentoline('C:\Users\charl\Documents\MATLAB\hot-spots\shape_optimization_dev\test_gd.m',24,0)">line 24</a>)
[opt, gd_log] = optim.gd(fun, init_weight, cparams);
} 
7552

ans =

        7552

1024*8

ans =

        8192

log(10,2)
{Error using <a href="matlab:matlab.internal.language.introspective.errorDocCallback('log')" style="font-weight:bold">log</a>
Too many input arguments.
} 
log2(8)

ans =

     3

log2(16284)

ans =

  13.991167506140011

log2(16384)

ans =

    14

arr = 1:10

arr =

     1     2     3     4     5     6     7     8     9    10

arr(1:3)

ans =

     1     2     3

arr(4:6)

ans =

     4     5     6

arr(10:12)
{Index exceeds the number of array elements (10).
} 
a = 1

a =

     1

a+=1
 a+=1
   ↑
{Incorrect use of '=' operator. Assign a value to a variable using
'=' and compare values for equality using '=='.
} 
test_gd

