weight: 2.761451254618413
loss: -0.338853029759810

gradient descent param:
cparams = 
             maxiter: 100
              report: 1
                 eps: 1.0000e-04
              hspace: 0.0100
     line_search_eps: 1.0000e-06
    line_search_beta: 0.5000