
loss_params = 

  struct with fields:

    default_chebabs: [1 10]
           chnk_fun: @chnk_poly
         udnorm_ord: 'inf'
          unorm_ord: '2'

Time to find eigenvalue: 6.13e+02; Time to compute 2-norm: 4.46e+01

chebabs =

    2.7359    3.3439


num_grads =

     1


hspace =

    0.0316

Time to find eigenvalue: 1.76e+02; Time to compute 2-norm: 3.83e+01

chebabs =

    2.7420    3.3513

Time to find eigenvalue: 1.77e+02; Time to compute 2-norm: 3.91e+01

chebabs =

    2.7311    3.3380

Time to find eigenvalue: 1.76e+02; Time to compute 2-norm: 3.90e+01

chebabs =

    2.7420    3.3513

Time to find eigenvalue: 1.73e+02; Time to compute 2-norm: 3.80e+01

chebabs =

    2.7311    3.3380

Time to find eigenvalue: 1.77e+02; Time to compute 2-norm: 3.97e+01

chebabs =

    2.7420    3.3513

Time to find eigenvalue: 1.81e+02; Time to compute 2-norm: 4.11e+01

chebabs =

    2.7311    3.3380

Time to find eigenvalue: 1.78e+02; Time to compute 2-norm: 3.90e+01

chebabs =

    2.7420    3.3513

Time to find eigenvalue: 1.80e+02; Time to compute 2-norm: 4.16e+01

chebabs =

    2.7311    3.3380

Time to find eigenvalue: 1.76e+02; Time to compute 2-norm: 4.28e+01

chebabs =

    2.7420    3.3513

Time to find eigenvalue: 1.77e+02; Time to compute 2-norm: 3.86e+01

chebabs =

    2.7311    3.3380

Time to find eigenvalue: 1.74e+02; Time to compute 2-norm: 3.90e+01

chebabs =

    2.7420    3.3513

Time to find eigenvalue: 1.77e+02; Time to compute 2-norm: 3.89e+01

chebabs =

    2.7311    3.3380

Time to find eigenvalue: 1.78e+02; Time to compute 2-norm: 3.87e+01

chebabs =

    2.7420    3.3513

Time to find eigenvalue: 1.75e+02; Time to compute 2-norm: 3.74e+01

chebabs =

    2.7311    3.3380

Time to find eigenvalue: 1.80e+02; Time to compute 2-norm: 3.90e+01

chebabs =

    2.7420    3.3513

Time to find eigenvalue: 1.75e+02; Time to compute 2-norm: 3.71e+01

chebabs =

    2.7311    3.3380

Time to find eigenvalue: 1.76e+02; Time to compute 2-norm: 3.82e+01

chebabs =

    2.7420    3.3513

Time to find eigenvalue: 1.75e+02; Time to compute 2-norm: 3.73e+01

chebabs =

    2.7311    3.3380

Time to find eigenvalue: 1.80e+02; Time to compute 2-norm: 3.92e+01

chebabs =

    2.7420    3.3513

Time to find eigenvalue: 1.77e+02; Time to compute 2-norm: 3.88e+01

chebabs =

    2.7311    3.3380

Time to find eigenvalue: 1.76e+02; Time to compute 2-norm: 3.86e+01

chebabs =

    2.7420    3.3513

Time to find eigenvalue: 1.77e+02; Time to compute 2-norm: 3.71e+01

chebabs =

    2.7311    3.3380

Time to find eigenvalue: 1.81e+02; Time to compute 2-norm: 3.83e+01

chebabs =

    2.7420    3.3513

Time to find eigenvalue: 1.78e+02; Time to compute 2-norm: 3.77e+01

chebabs =

    2.7311    3.3380

Time to find eigenvalue: 1.78e+02; Time to compute 2-norm: 3.78e+01

chebabs =

    2.7420    3.3513

Time to find eigenvalue: 1.74e+02; Time to compute 2-norm: 3.59e+01

chebabs =

    2.7311    3.3380

Time to find eigenvalue: 1.72e+02; Time to compute 2-norm: 3.68e+01

chebabs =

    2.7420    3.3513

Time to find eigenvalue: 1.74e+02; Time to compute 2-norm: 3.68e+01

chebabs =

    2.7311    3.3380

Time to find eigenvalue: 1.74e+02; Time to compute 2-norm: 4.19e+01

chebabs =

    2.7420    3.3513

Time to find eigenvalue: 1.77e+02; Time to compute 2-norm: 3.74e+01

chebabs =

    2.7311    3.3380

Time to find eigenvalue: 1.72e+02; Time to compute 2-norm: 3.74e+01

chebabs =

    2.7420    3.3513

Time to find eigenvalue: 1.74e+02; Time to compute 2-norm: 3.65e+01

chebabs =

    2.7311    3.3380

Time to find eigenvalue: 1.76e+02; Time to compute 2-norm: 3.77e+01

chebabs =

    2.7420    3.3513

Time to find eigenvalue: 1.74e+02; Time to compute 2-norm: 3.77e+01

chebabs =

    2.7311    3.3380

Time to find eigenvalue: 1.76e+02; Time to compute 2-norm: 3.70e+01

chebabs =

    2.7420    3.3513

Time to find eigenvalue: 1.75e+02; Time to compute 2-norm: 3.78e+01

chebabs =

    2.7311    3.3380

Time to find eigenvalue: 1.76e+02; Time to compute 2-norm: 3.83e+01

chebabs =

    2.7420    3.3513

Time to find eigenvalue: 1.74e+02; Time to compute 2-norm: 3.61e+01

chebabs =

    2.7311    3.3380

Time to find eigenvalue: 1.75e+02; Time to compute 2-norm: 3.71e+01

chebabs =

    2.7420    3.3513

Time to find eigenvalue: 1.71e+02; Time to compute 2-norm: 3.59e+01

chebabs =

    2.7311    3.3380

Time to find eigenvalue: 1.74e+02; Time to compute 2-norm: 3.77e+01

chebabs =

    2.7495    3.3605

Time to find eigenvalue: 1.74e+02; Time to compute 2-norm: 3.72e+01

chebabs =

    2.7272    3.3333

Time to find eigenvalue: 1.76e+02; Time to compute 2-norm: 3.83e+01

chebabs =

    2.7495    3.3605

Time to find eigenvalue: 1.75e+02; Time to compute 2-norm: 3.82e+01

chebabs =

    2.7272    3.3333

Time to find eigenvalue: 1.75e+02; Time to compute 2-norm: 3.75e+01

chebabs =

    2.7495    3.3605

Time to find eigenvalue: 1.76e+02; Time to compute 2-norm: 3.78e+01

chebabs =

    2.7272    3.3333

Time to find eigenvalue: 1.76e+02; Time to compute 2-norm: 3.74e+01

chebabs =

    2.7495    3.3605

Time to find eigenvalue: 1.76e+02; Time to compute 2-norm: 3.79e+01

chebabs =

    2.7272    3.3333

Time to find eigenvalue: 1.74e+02; Time to compute 2-norm: 3.75e+01

chebabs =

    2.7495    3.3605

Time to find eigenvalue: 1.77e+02; Time to compute 2-norm: 3.69e+01

chebabs =

    2.7272    3.3333

Time to find eigenvalue: 1.71e+02; Time to compute 2-norm: 3.67e+01

chebabs =

    2.7495    3.3605

Time to find eigenvalue: 1.76e+02; Time to compute 2-norm: 3.72e+01

chebabs =

    2.7272    3.3333

Time to find eigenvalue: 1.74e+02; Time to compute 2-norm: 3.60e+01

chebabs =

    2.7495    3.3605

Time to find eigenvalue: 1.75e+02; Time to compute 2-norm: 3.97e+01

chebabs =

    2.7272    3.3333

Time to find eigenvalue: 1.73e+02; Time to compute 2-norm: 3.72e+01

chebabs =

    2.7495    3.3605

Time to find eigenvalue: 1.71e+02; Time to compute 2-norm: 3.61e+01

chebabs =

    2.7272    3.3333

Time to find eigenvalue: 1.75e+02; Time to compute 2-norm: 4.32e+01

chebabs =

    2.7495    3.3605

Time to find eigenvalue: 1.73e+02; Time to compute 2-norm: 3.67e+01

chebabs =

    2.7272    3.3333

Time to find eigenvalue: 1.78e+02; Time to compute 2-norm: 4.18e+01

chebabs =

    2.7495    3.3605

Time to find eigenvalue: 1.79e+02; Time to compute 2-norm: 4.10e+01

chebabs =

    2.7272    3.3333

Time to find eigenvalue: 1.74e+02; Time to compute 2-norm: 3.72e+01

chebabs =

    2.7495    3.3605

Time to find eigenvalue: 1.75e+02; Time to compute 2-norm: 3.76e+01

chebabs =

    2.7272    3.3333

Time to find eigenvalue: 1.73e+02; Time to compute 2-norm: 3.71e+01

chebabs =

    2.7495    3.3605

Time to find eigenvalue: 1.77e+02; Time to compute 2-norm: 3.83e+01

chebabs =

    2.7272    3.3333

Time to find eigenvalue: 1.75e+02; Time to compute 2-norm: 3.78e+01

chebabs =

    2.7495    3.3605

Time to find eigenvalue: 1.72e+02; Time to compute 2-norm: 3.57e+01

chebabs =

    2.7272    3.3333

Time to find eigenvalue: 1.74e+02; Time to compute 2-norm: 3.68e+01

chebabs =

    2.7495    3.3605

Time to find eigenvalue: 1.75e+02; Time to compute 2-norm: 3.67e+01

chebabs =

    2.7272    3.3333

Time to find eigenvalue: 1.74e+02; Time to compute 2-norm: 3.70e+01

chebabs =

    2.7495    3.3605

Time to find eigenvalue: 1.73e+02; Time to compute 2-norm: 3.73e+01

chebabs =

    2.7272    3.3333

Time to find eigenvalue: 1.75e+02; Time to compute 2-norm: 3.75e+01

chebabs =

    2.7495    3.3605

Time to find eigenvalue: 1.78e+02; Time to compute 2-norm: 3.72e+01

chebabs =

    2.7272    3.3333

Time to find eigenvalue: 1.75e+02; Time to compute 2-norm: 3.75e+01

chebabs =

    2.7495    3.3605

Time to find eigenvalue: 1.74e+02; Time to compute 2-norm: 3.69e+01

chebabs =

    2.7272    3.3333

Time to find eigenvalue: 1.79e+02; Time to compute 2-norm: 3.73e+01

