fortran compiler found at: /usr/bin/gfortran

Fmm installation not in standard location
Manual installation required
iter_idx =

     1

[Warning: Matrix is close to singular or badly scaled. Results may be
inaccurate. RCOND =  1.976869e-16.] 
[> In id (line 120)
In chnk.flam.nproxy_square (line 58)
In chunkerflam (line 176)
In helm_dprime (line 17)
In ud_norm (line 7)
In compute_loss (line 39)
In gd (line 25)
In gd16 (line 13)
] 

rads =

  Columns 1 through 7

    1.0712    0.9450    0.8796    0.8415    0.8815    0.9927    1.1292

  Columns 8 through 14

    1.2595    1.2595    1.1292    0.9927    0.8815    0.8415    0.8796

  Columns 15 through 16

    0.9450    1.0712


iter_idx =

     2


rads =

  Columns 1 through 7

    1.0719    0.9459    0.8832    0.8347    0.8786    0.9957    1.1301

  Columns 8 through 14

    1.2600    1.2599    1.1301    0.9956    0.8786    0.8347    0.8832

  Columns 15 through 16

    0.9459    1.0719


iter_idx =

     3


rads =

  Columns 1 through 7

    1.0722    0.9462    0.8843    0.8324    0.8783    0.9964    1.1304

  Columns 8 through 14

    1.2601    1.2600    1.1302    0.9962    0.8785    0.8325    0.8842

  Columns 15 through 16

    0.9461    1.0720


iter_idx =

     4


rads =

  Columns 1 through 7

    1.0722    0.9462    0.8844    0.8323    0.8783    0.9964    1.1304

  Columns 8 through 14

    1.2601    1.2600    1.1302    0.9962    0.8785    0.8325    0.8842

  Columns 15 through 16

    0.9461    1.0720


iter_idx =

     5


rads =

  Columns 1 through 7

    1.0722    0.9462    0.8844    0.8323    0.8783    0.9964    1.1304

  Columns 8 through 14

    1.2601    1.2600    1.1302    0.9962    0.8785    0.8325    0.8842

  Columns 15 through 16

    0.9461    1.0720


iter_idx =

     6


rads =

  Columns 1 through 7

    1.0722    0.9462    0.8844    0.8323    0.8783    0.9964    1.1304

  Columns 8 through 14

    1.2601    1.2600    1.1302    0.9962    0.8785    0.8325    0.8842

  Columns 15 through 16

    0.9461    1.0720

