fortran compiler found at: /usr/bin/gfortran

Fmm installation not in standard location
Manual installation required
n =

    64


ry_ratio =

     2


cy_ratio =

     0


dump_idx =

     5


iter_idx =

     1


rads =

  Columns 1 through 3

         0.806308535958529         0.807035733327039         0.809221834338726

  Columns 4 through 6

          0.81288037619191          0.81803395182768         0.824714241897398

  Columns 7 through 9

          0.83296202881792          0.84282715782631         0.854368393169704

  Columns 10 through 12

         0.867653094860229          0.88275661046965         0.899761234290047

  Columns 13 through 15

         0.918754529212425         0.939826730633942         0.963066852157483

  Columns 16 through 18

         0.988556986238139          1.01636413893857           1.0465287641047

  Columns 19 through 21

          1.07904899229231          1.11385943758476          1.15080351637772

  Columns 22 through 24

          1.18959861050691          1.22979444075307          1.27072707270288

  Columns 25 through 27

          1.31147444756129          1.35082433549684          1.38727144137181

  Columns 28 through 30

          1.41906475756784          1.44432483468262          1.46123816009253

  Columns 31 through 33

           1.4683099279259          1.46462341124627          1.45003110791604

  Columns 34 through 36

          1.42520982591821          1.39155445372503          1.35094381238109

  Columns 37 through 39

          1.30545365469686          1.25709583266324          1.20763460044561

  Columns 40 through 42

          1.15849326381591          1.11073641844868          1.06510143673251

  Columns 43 through 45

          1.02205397965839          0.98184930444967         0.944588811459793

  Columns 46 through 48

         0.910267184872884          0.87880916518467         0.850096882403778

  Columns 49 through 51

          0.82398940913892         0.800336285189947         0.778986565657034

  Columns 52 through 54

         0.759794649725627         0.742623854586399         0.727348448138815

  Columns 55 through 57

         0.713854655150497         0.702041000918476         0.691818245945863

  Columns 58 through 60

          0.68310908580396         0.675847734334756         0.669979469333134

  Columns 61 through 63

         0.665460192993063         0.662256041120819           0.6603430628011

  Column 64

          0.65970698396607


f_zero =

        -0.322775173224773


rad_index =

     1


rad_index =

     2


rad_index =

     3


rad_index =

     4


rad_index =

     5


rad_index =

     6


rad_index =

     7


rad_index =

     8


rad_index =

     9


rad_index =

    10

[Warning: Matrix is close to singular or badly scaled. Results may be
inaccurate. RCOND =  1.930912e-16.] 
[> In id (line 120)
In chnk.flam.nproxy_square (line 58)
In chunkerflam (line 176)
In helm_dprime (line 17)
In ud_origin (line 4)
In compute_loss (line 39)
In gd (line 33)
In gd_ellipse (line 22)
] 

rad_index =

    11


rad_index =

    12


rad_index =

    13


rad_index =

    14


rad_index =

    15


rad_index =

    16


rad_index =

    17


rad_index =

    18


rad_index =

    19


rad_index =

    20


rad_index =

    21

[Warning: Matrix is close to singular or badly scaled. Results may be
inaccurate. RCOND =  2.173051e-16.] 
[> In id (line 120)
In chnk.flam.nproxy_square (line 58)
In chunkerflam (line 176)
In helm_dprime (line 17)
In ud_origin (line 4)
In compute_loss (line 39)
In gd (line 34)
In gd_ellipse (line 22)
] 

rad_index =

    22


rad_index =

    23


rad_index =

    24


rad_index =

    25


rad_index =

    26


rad_index =

    27


rad_index =

    28


rad_index =

    29


rad_index =

    30


rad_index =

    31


rad_index =

    32


rad_index =

    33


rad_index =

    34


rad_index =

    35


rad_index =

    36


rad_index =

    37


rad_index =

    38


rad_index =

    39


rad_index =

    40


rad_index =

    41


rad_index =

    42


rad_index =

    43


rad_index =

    44


rad_index =

    45


rad_index =

    46


rad_index =

    47


rad_index =

    48


rad_index =

    49


rad_index =

    50


rad_index =

    51


rad_index =

    52


rad_index =

    53


rad_index =

    54


rad_index =

    55


rad_index =

    56


rad_index =

    57


rad_index =

    58


rad_index =

    59


rad_index =

    60


rad_index =

    61


rad_index =

    62


rad_index =

    63


rad_index =

    64


step =

          49.8009533927585


improvement =

        0.0301983174196234


iter_idx =

     2


rads =

  Columns 1 through 3

          0.75980666423481          0.76565895465157         0.782881644301844

  Columns 4 through 6

          0.81037402377543         0.846875174822707         0.890443283642584

  Columns 7 through 9

         0.938691357735021         0.988857530641619          1.03786743900352

  Columns 10 through 12

          1.08250962264917            1.119559999685          1.14599457169458

  Columns 13 through 15

          1.15921605756359          1.15732275460535          1.13942596664572

  Columns 16 through 18

          1.10593593729651           1.0588396408448           1.0018741380804

  Columns 19 through 21

         0.940492964181488         0.881557916153281         0.832657720200093

  Columns 22 through 24

         0.801054058187167          0.79232700014011         0.809024148484953

  Columns 25 through 27

         0.849757208371936          0.90908614276539         0.978459257348847

  Columns 28 through 30

          1.04795850036584          1.10819204443002          1.15174948575556

  Columns 31 through 33

          1.17380041142501          1.17209079940132          1.14679184854499

  Columns 34 through 36

          1.10072422763575          1.03980028868363         0.973159052635274

  Columns 37 through 39

         0.912273647030436         0.868789635437489         0.851784479276873

  Columns 40 through 42

         0.865510618091009          0.90863754907908         0.975027746583052

  Columns 43 through 45

           1.0555784142916          1.14028251575097          1.21992288357603

  Columns 46 through 48

          1.28711793852061          1.33680043660282          1.36613142523995

  Columns 49 through 51

           1.3742905195532          1.36199582581308          1.33114846848714

  Columns 52 through 54

          1.28442243576679          1.22498309094399          1.15622196372848

  Columns 55 through 57

          1.08161151488811          1.00452799808642          0.92819970710639

  Columns 58 through 60

         0.855600830413871         0.789402133147182         0.731938286493159

  Columns 61 through 63

         0.685163464906665         0.650629185062206         0.629288581370809

  Column 64

          0.62190086816769

Time to find eigenvalue: 5.86e+02; Time to compute 2-norm: 5.38e+01

f_zero =

        -0.352977719574476


rad_index =

     1

[Warning: Matrix is close to singular or badly scaled. Results may be
inaccurate. RCOND =  1.954104e-16.] 
[> In id (line 120)
In chnk.flam.nproxy_square (line 58)
In chunkerflam (line 176)
In helm_dprime (line 17)
In ud_origin (line 4)
In compute_loss (line 39)
In gd (line 34)
In gd_ellipse (line 22)
] 

rad_index =

     2


rad_index =

     3


rad_index =

     4


rad_index =

     5


rad_index =

     6


